MD
44.302322170478 106.27484 19.2798588085993 170.399785 12.74312 103.0149161061779 
132.3863 191.479694 116.8921 84.4247087091049 36.099567 23.3213560411292 
78.21985378518296 82.5551 162.78675 53.28489616307 140.33336 43.640510575781 
52.7329 186.72365 194.335448 195.790837744 184.0058858807 142.289157943 
4.74380784 39.0169016089895 156.64037 98.894066738 21.289383 198.2761217909 
78.646227856 74.08846726536 83.61464123748 99.6359941 50.189905 126.9117262 
168.1758424 69.8503144 141.2834 21.17890924 92.198547 59.32603 
137.00558589497 85.1405751 100.3810960382 161.4285871 198.0466 154.71883922 
55.205915624 122.8446836698 159.9556 184.461742259 144.50125 76.91739 
148.5557303710381 66.63263865 33.12406 83.466717592 95.63079397545 45.93112 
152.930311 46.293556 130.05053315971372 105.6065643231 115.6631309780887 22.73863169 
78.483 22.8834383 10.347968003 0.291350529 53.5056688046245 41.471 
164.02562 177.738634874086 105.482002377441 4.9402991930007 32.87805082084641 47.56316184 
72.08961 24.4024834159 84.572 64.780004177 111.49603829991779 99.366466087586 
173.154270552 99.06677132 187.6434162490319 178.2031820661426 36.4676795 175.1758181022572 
119.47601085417271 64.331 153.4954 160.2679931803407 142.66831238619 102.7280576867 
58.5586 27.763 26.38835399 67.2792 192.1116 179.385 
86.47607713 196.793362 95.291800778041 20.86031536 177.189 32.262 
102.808489 36.806259 121.71209328 184.3173016312059 186.33575424487 39.071034398 
161.368136 161.01446903 73.1589937529969 0.37559757728 108.30125749 3.7119 
59.35879792 1.1627 68.98330317287 34.4683828 162.0836 182.494826 
76.734 34.1344440033919 199.2048818948918 59.1494 81.225801551868 129.96906300188 
132.806538 120.72265830866 107.843179900382 145.70213788481 123.0029 67.5060345799809 
188.288409 109.476354939 103.05837592528 183.559738102 128.984 34.6666046970574 
46.131 56.1398026 39.15258 169.309600071 102.491889388 172.74269 
84.408 34.42052572699039 76.0757034 51.80914297 39.0483475403143 61.27 
76.778 51.2664 100.549484313 66.8813 60.78252696482 132.195 
18.018634 21.553008 89.5444 133.418904373034 5.1747 31.42283664878 
76.5898203127866 81.8345845203 26.073 101.02692400621893 21.85179768 32.371437 
195.630355 132.5895284916 16.57969729 63.962 32.346403693186 71.48919700203 
62.53211793674 11.137837 92.75 45.68907078638935 26.8973606666 113.452569 
98.324045 43.382053 62.60528986997904 116.5651823124535 124.2090508 147.1942 
162.4906689674259 142.41 59.5336 2.01050388694819 5.1712425156436 131.41801 
93.08705420831 65.6274826 100.134 197.89569954212212 136.337771645 112.9102646543 
72.54138214012 33.146395317 94.5528999517774 77.9725 112.563842 98.4907809807 
34.6798581 155.245715164333 19.96863356015 59.42725 84.4189 106.21655412519 
10.8172877 142.4182440535351 144.1123 147.250701 187.4696 39.59295936557617 
155.4494253965529 36.68832922443795 155.239 182.877 142.493542 140.80124926170816 
192.012748136072 69.8740292779345 82.88814256222497 151.10216487918 191.87230562319 189.8196 
116.45173803685 44.1579882665 88.206 31.639066 46.63739 169.9955588435 
104.000045 141.989383965 58.90006326969 197.5902 35.76139 31.59777424422841 
138.78012094041 136.20289523892754 114.873128397742 81.3432835562067 151.31848155696557 13.0369524 
98.2589594966 176.785091719239 151.73237936 98.42 40.74200165237 161.47949233735 
43.2474504858567 141.9311 0.40771117400413 49.462073696378 2.391 66.7732 
35.712301200863 193.1503847 18.2695 28.295 12.6332736 125.8354 
188.43764983993 196.53649472 76.4596214 178.219107744 172.8239062 178.8275312 
95.60767680651585 90.71375 65.6046537642 78.042532429 97.127 136.403718 
152.784842602 93.419 124.25380486164067 39.716 140.499104239599 49.8609813 
101.6437229625648 88.988677 178.626200785062 140.25818967 37.89979438032 3.2046251 
198.070427921 183.771 133.1086279466669 62.38097 30.1888975941588 187.69157 
72.34335835639 161.623731714 83.358646747804 185.382923248027 65.405 198.735332311816 
45.3247311013359 113.6080549 67.3998892212927 155.85340112793 169.4961430019 186.0193 
168.29599561 189.9029 190.564065 92.6222 78.593269 109.5496311757064 
76.7019 62.3934854176747 165.586003 37.81576087462801 52.9455770023 141.66682307492587 
60.024 93.941 176.98148056362 48.94283764602 63.8332603882821 24.763940438772 
173.339695 162.610398 66.689628 52.71799198 191.946 68.69120581949 
90.047094480968 184.054866 114.3734 114.7192117029 67.4459196705 171.3376346 
28.00965816 15.98640119319832 119.034 180.9070410790011 38.7579 159.630610708 
159.2348161 3.286373199 47.3795464001681 154.367 43.44485 14.81549 
98.914256907 48.2828014 12.117619 99.306884 24.059459 134.0081194699 
112.6967601 155.387379 32.463 20.9272634326 175.29902183081498 183.0897027 
185.005256760614 72.56377957324 166.994 109.69395641123762 115.43 25.2947861168 
27.9189 154.9314876 97.9311486640783 40.1737018924236 117.779415144 124.29258 
94.81343238 9.36324604258 167.79738848195893 58.1089013 24.203061776054 141.584476529428 
52.34 105.2807 92.8328963911114 183.76102646 84.238415657136 143.031 
45.822 197.513925028 185.721 116.553294 0.104 162.0589276708 
57.59081013 145.56316995 180.72268552 95.92738 6.900312 81.206146595 
132.1137054387406 51.138 186.89388171455 60.8438 64.6668185994178 78.183775674331 
147.3856 51.164 191.9790744150298 120.920207046107 10.48040501049 185.54666 
29.718534696508 4.143877566507 111.6279066 179.33667192 79.0107552776 69.211977185355 
110.992141787664 26.030646 45.888 140.23728 125.866373 74.1230451 
83.59285 156.4259369405 23.836334 136.155425861491 42.15981 52.64605113 
18.121395 121.731696 66.0178 169.4354 31.2581779699 74.32 
116.7174 175.8308867900044 142.96464975046 132.22756 45.112 100.0756415697834 
109.66074103218 12.693812472848 12.9997481481351 7.3523692459 157.568 143.63 
77.779223 48.09771036608905 49.08002509258 68.4192141956885 62.776756 22.08190475656 
189.308 191.1984947212878 171.372882767775 59.9028 188.287284 72.1650438093 
37.821 37.168 145.9621888871083 142.62003845296206 39.8094759913602 99.8216503 
173.598458 95.96492031 32.407871 92.75905574145 133.2940315908855 82.0472976111489 
167.40563188 74.98844776731958 112.7285 171.4402517871827 72.808767 9.716273084303 
161.8598149651104 36.2938 78.5478 36.99673283067 146.6090442466405 96.45617983 
139.81349656714778 106.68826111170546 125.1533 187.6503 148.194300830776 101.03286153488597 
144.1854852 159.96288565746 184.29666 148.510035360754 49.27825015 112.2053167 
137.995 125.133979213 98.667815954 193.370049738 97.784617611 107.1930944831299 
39.19079164 46.51747 177.3947043 158.379239659956 199.3816 195.016950124224 
125.7627935325462 38.672 28.05040530123 185.05362 54.05842789 98.235256434 
45.66214726890448 199.6788592287314 31.552550582783 164.723404183 17.4926765075 82.049062 
136.64431654 69.8523387722975 49.8830343 129.61366758 171.63421444381 2.681964 
74.49220117562 44.695566125 80.8336332 120.5747820991 27.4612005262143 179.925094937117 
155.064 199.5880977 135.18103323342 142.9370912 110.53462 176.92177 
123.79768 74.0227 144.4842313311524 145.5702615556363 101.395 123.42584098267 
131.70834 115.47905 146.56005276 184.6659599958877 120.067 119.17057177 
39.19507 42.3524514818523 47.268108899 71.16236671193991 142.287 14.8341 
115.027263 19.342479128 47.7704 105.229 66.0161067627 73.200823 
76.604552111871 198.3487714 61.511338507307 139.259656963852 173.9395 108.113314439 
91.875 174.57418 65.8129 194.26673502311 191.6040111271707 123.23568667 
D
120.705515 89.664352 153.11666998 115.651191671763 52.4479 28.2205782433.75203 42.5125 46.831532 29.86486752405 110.0821 174.4694043122047103.572 72.179 182.54727 174.25361687344 136.47435496424 91.07399734.631 122.5041 115.3746193735 177.15137 152.9400480878 175.9515832.99142 79.950180869 59.99173 123.193 139.93434 125.110820074948147.832 90.40886706 37.6048305290603 108.16408974274134 162.9378 184.36973198729.71 66.224708 46.44819814228583 153.1611081010561 155.8862427 61.95076098078340.9903851 52.300882576031 30.337 122.059 92.7067 154.47190607185.30839423279255 75.9652587 76.4360806764 12.693254 10.8692407 31.0790073540405762.51891243154 66.2838 22.1757983538044 23.927 178.13874154627916 120.79191015390.3206 101.8562995 91.806 125.622469766436 48.2978585767 103.296146167.866 166.5714389468 181.09436019 107.3624528480176 178.302426945 155.449766.611 195.559449 8.3620624419664 160.765388 43.697 160.740172315313951.967008795 131.55492098570022 43.16072259576 23.87982 95.6531 167.6491216924150.0120004104164 125.2495482858972 112.588 49.71470180557409 28.12383128893 89.6226281218551724.6164028299 139.950613295039 126.2702 148.6681651 148.00225 160.30065 
B
94.231925817632 159.624202 185.3338512278284 118.35165333815 103.34868060142 0.19269218440534105.279389505 115.878 102.03614721251 170.23953456728 2.417035638137 87.3787754230674541.39320149040418 135.40248 130.35237045912865 113.767410154 24.0997552778863 181.677177.7103108756 124.11936075789 35.9908186151481 167.3889415080147 167.9934383538 46.867723995373219.83415288987 82.3078872559906 88.02 178.900207862703 120.87189096 70.4421189.2569 107.17617346569644 143.99784 127.1409904057164 124.2903 1.8540758899194142.084 100.519019041 167.55958 60.2785609 104.42015 150.5024897689861161.273892966813 170.807 5.7818559802 116.404 78.8692667816 162.456952921168129.24800181333 182.6907659 57.761850569 19.768732213666 79.542184957 146.066387773.0442939 182.04 49.7480655321414 39.96646 90.3726572 119.7551745.51274082749 143.949 5.24745143064533 43.033304017 108.2766932326 123.648831.87818339339357 23.6920655881 186.5542091307 15.4141340867 104.50289774 192.125128.787529614 50.98114083581 74.5604247 36.8076 107.55159 54.5452666878.19602 37.66655425 128.87267275079 140.1349258547801 198.584736 48.78260.79784487818047 181.0576 194.44144 148.31112716987153 132.893 99.43216592696342.47687586455 66.98442251953736 60.52382702947652 141.454779364 90.33021333150894 12.04717110101 
MT
57.3922 143.82227 47.51750907287 129.18318 130.956500193 184.09556694225 
151.7942 127.59749718684 176.46448386 89.19642365968502 170.735 196.4602878 
28.989021092332 172.654 116.05374254713 144.701169 76.682369 136.869747483903 
128.664458 3.361170371007 190.674712598063 82.111808 171.582838 188.6866186112 
170.350429 145.9578233479723 8.799536685792 28.497041211 126.71052109727 147.106511727 
145.51374546759 113.874102163292 185.57006084 52.291238 198.413 147.818658831145 
197.36320502865 173.9998998373718 149.8703257892 22.6339 17.6207 194.1935 
87.1666 130.6155927 172.805321251 137.3096697 163.5791698241201 1.322095 
26.8493046834423 93.51984317542 98.09319606 60.241417 182.8943583868681 0.54260617 
137.435 130.6463527568661 167.7909853891463 109.625 154.3434393842679 199.2757605315695 
186.7623715315014 27.5258284663212 193.733185412855 188.23659820860829 43.02907356459969 14.88157121 
168.671 166.9829 174.2858555449332 127.2834119601644 142.73261 108.8029584626 
94.4272493497655 4.900861 77.3273 186.407792 191.0626776425 82.58082 
160.1732 24.531 29.421555852659 11.09123714244784 150.25004798476 100.420472286 
150.438 155.10134682524 68.0193308598 86.4901 150.16927538344 17.865 
87.1971 10.711474 72.500986499 138.431583357 10.2393871112924 53.292058 
52.85434 102.12117744 94.054725 40.1249046 165.9984219 119.4903 
26.849 26.6640085 183.539971655317 67.11417 158.5530157008 90.5331 
152.696187 95.837974505634 132.73334724 79.3369549163 102.406276637 43.3994898818 
64.7755283 116.5052 14.1664557 23.307 177.80944165868 191.016 
121.89635 46.8837234 147.689974970795 22.9426 69.83275881230679 83.136013361 
156.59905328 62.063760545 151.5894 133.32483812 50.93783428517 121.7406304522 
178.1523566 12.982262059915 78.535 26.88283482819 49.550194425928 2.47304 
41.298 54.2666166443844 153.37800677 48.564427767 186.51687668161213 46.15398344806 
152.7958 80.28858 161.324779365263 156.84312 146.7724012547 187.2737 
93.2300171 197.5106423 137.469 100.50074 6.28983 69.8657685961 
32.21137 180.4867 178.10460301778892 62.597571721 114.0702077236697 85.86436641 
37.995666 105.0410118457 113.355003 187.9992954 52.4391081623 76.78505285547688 
133.45719482007 191.1955491259 167.38351 96.0357 69.50767395 137.15885825 
136.99973 46.600055303 142.0744 6.373603784 140.89712116069913 50.370881641 
181.80052597 52.53543 195.95250555328 160.88700204349786 16.872974396 65.92742361231092 
24.31 94.227 7.1765759 87.523837 119.7931390962 146.459 
54.8181476 10.1893177618746 8.862353775 62.608418324 28.2715449327 166.65655 
171.484370486026 61.65034311 112.95049 37.767143892496 195.40994242349 173.411 
0.18579453 27.66771193215 188.863959561 108.492869714428 139.51135538 153.507930336 
108.5511713 85.21060466787054 29.43267 103.57313928125 51.50968217611 197.069029 
158.7683816 84.4758 9.130709549284 181.653 47.7155 54.8932207 
75.58628 12.792152737899 20.567 123.987372400907 69.9766 148.7474308 
122.20841837048 132.28206 168.74248796352 123.24057654 167.08349 92.2012 
136.2671892996 197.01035 177.04086 180.292 126.4902 136.894 
125.194183763833 10.83441 53.1631681601257 163.847729397986 108.44121032143416 193.9313119 
87.96537907472 116.7203 128.859876748 121.8234 182.4022124 140.884 
17.273059766 187.43476181 161.80721563981808 62.796 61.465329243 106.711 
181.12552344214 160.6438666028 14.2887411204071 24.6336068 15.58963898 130.0137819959046 
51.01384707 113.308669 152.770026657 175.0703897376 16.0912732169422 12.124 
75.616 162.77922590665392 58.2553 48.389413 76.3177 107.9052 
71.459044 172.0787989 29.85618455367 112.51717776830029 173.793161 185.597 
159.0747706 187.5173590257322 108.95999554120795 163.861582 143.30273572220045 78.0909608621 
27.206 78.6759028027 88.95089 189.746558503019 116.9159953 73.71754021956932 
173.892196 176.188424478 78.24895875496274 184.0358 138.05300556514953 175.57560075 
57.72980385727 36.0409323 132.660078019 96.3697 54.821964475 174.7331094173751 
80.66330510365735 149.557182124197 186.23794399 104.058 152.41059836232392 37.0341688 
18.846944041822 149.6721555 151.1175049561433 138.725 58.6534817 134.66184 
10.152448 35.01801795903 101.78244400609 172.248323045 193.96032744402504 24.88760046626011 
31.886221724904 171.543966 137.18589030055966 101.2690046554931 67.9189754 89.58112322 
77.241466624319 31.5190510493531 28.55 41.88482 164.78493196495 38.5885 
69.3860738 117.985318 43.612 113.3615956 14.1271390397768 166.069 
190.727478388202 135.431513316 11.952200779453 51.11082987853 2.699534554 69.710425633203 
5.638048040749 141.8345 52.1069 137.44385263120554 113.875 21.07160449 
143.73718 131.0293 150.4970766357346 3.248403313108 143.35350283 174.448148 
140.6870918321155 110.20050998895 104.597 57.2994345275 180.0254 157.4317411 
15.657056114388 121.434655 56.886870875 21.771295887166 153.9807025 117.954319689 
60.947 126.6608582020402 132.84216 31.813293 108.7247 147.80140681701 
112.5991096410023 33.20933412986 137.100353 88.907993156 97.453051246517 179.386550544 
166.3330335249 178.168668 129.649466 119.332 47.07770588 160.45718 
112.357469 105.004886423 135.199 58.67577765582 13.7615 144.482898206443 
54.5337 148.670741847 140.522 124.96928078428392 57.941668428 100.272 
41.7683 41.371962971 73.10963351 40.9953 113.6335 56.78187284 
93.544982922954 103.37276919 161.7158991156 107.7761824 101.7006315580497 128.26927 
83.286 110.82959348 111.7657 41.44342716879639 91.67558921 148.056706 
127.813608783515 107.16026167 132.324234201 89.7841375 26.339547661 179.3424861 
71.08755736 142.5655682235372 190.7213595409 182.28283753 51.805 1.78531395 
23.499110166 81.16011913 194.16232382629107 104.915667434527 118.72508989292 89.6993765 
129.790465 126.5119757998072 82.125 57.12636419 53.676183 131.0297588534 
152.09879361933 33.45301 79.26658236 40.9823723495 142.861954985119 119.214897477764 
182.329427347692 11.17118705821179 188.32856387 117.997139713341 129.935 109.396299971476 
56.3074705812822 19.7728663 37.44557 170.82500058377 174.3102 7.29384250788 
50.504 155.36734 5.5433799771176 49.5274 176.28 96.16109 
194.06103 101.7714265 7.885 63.4970381522 36.46563789438 175.530321008253 
108.252556875468 150.041148441 45.175772 30.1676 115.89574873 142.638263167426 
26.863762434006 36.3343678 50.430166363551 85.59336 71.63331832873176 122.7622577839741 
188.352 178.583 163.2778 35.3770861 22.796529 133.67814 
168.9893829 52.49029748 149.5502 13.11467 117.20391 176.97962239 
59.2260528639 180.7129 52.1513068837396 97.393060749613 2.0123 62.05708917 
82.31754148492 141.237982 160.9603604450596 6.35 153.1597739 70.41767375 
80.252975878251 118.41316 173.9931 188.3713 56.2155 49.95 
103.92319211 59.72369 18.949 36.511 197.1685382249 152.737 
156.0477156 191.1028259143365 94.6699875903146 191.3536 46.46806284204852 171.987 
101.5702 187.443258007504 59.76557447435 105.3001773 80.2111 37.63293821024 
5.523 182.39202896203224 104.2212310907 78.5819557704635 121.96635408715 22.423906624 
198.1379878 132.7946 31.73257807 190.28459917885 157.2574575940982 195.003504 
111.43 13.144 37.623920676144 132.65083779148 72.250594157 146.732 
132.992 40.9529087908 88.78814994113 122.4745267 5.836 141.22288546 
97.864622502 144.0116187 149.66823389 44.3063911183529 26.043795295255 118.61676526894261 
165.843 144.68331812548547 58.9222 185.499121633 97.3289197452655 120.51423 
186.60718776 182.7006 90.929858 83.41632242 197.2570327 40.92409372 
MZ
116.7283 140.991453 159.77645 51.451 94.126349 96.541 
115.66140413223 175.047208 95.1282753462 65.2909962840023 141.46826159 198.34109175772 
60.8518549257212 45.7734362007 155.73586146827 27.5526435 178.999436 151.3322 
193.50924184353 4.8326984 42.444357423 45.9274265763519 15.507752662714 139.80931377853506 
50.82683395765 37.33158 53.708467405059 173.9185 162.3576425877318 189.36206534792 
149.13586624866338 146.586680464 93.3253 155.7653316 34.77977384311 146.724519 
54.8016077861984 163.25612749119 16.5868532 128.210969902 192.8066598624301 181.28043 
149.90233551 51.723510551 115.39603547183 98.546227 147.8967266216 146.5036302034 
110.373287569903 44.7601608208 182.3331947681 136.1253470054263 180.48676141 36.363155895 
86.2025875027 122.698819989 97.481105 132.763897 178.200134269 69.4145565 
124.8767632248373 33.3508 154.128 141.18776464431 67.3953908 37.66342 
183.4016 103.559067281 141.5161 125.266916 125.3811420755014 24.4317347 
102.2389883383519 2.8053 58.71755291 194.872737537464 168.059316535 186.0667698 
97.077690403567 35.7406 185.2636609 2.9437 109.52444087 33.65 
107.6080912951327 76.993 182.06958181 140.754758083 26.6941464470872 197.897728 
114.15927559114274 84.389 84.3668965379 119.0915678079 146.0911848602251 133.2283 
179.9224741277174 183.10833 53.9735706 166.87145 64.8620291547047 181.79 
179.294039 36.866504 140.14737 67.18347 109.561681 191.81154221987123 
194.67530456708 94.73640544217795 94.171515 60.53368619 169.12206500670362 168.7311968532934 
182.7283362556915 151.15077 141.1483934 24.8289 125.51101864 93.22019 
13.72113094 117.560321 189.09966681021825 89.977 177.064546 150.8475959 
28.7975092739306 53.938629209 37.33894 39.611 42.093981 163.547592778 
15.4943252943 168.065698341 147.78427558405886 76.60733 37.11072392347031 47.172 
106.46350907 186.45 117.8947717671 187.94147 156.1156456015 105.60726711035 
51.003002296 32.44 118.86042 4.81139 154.87632 47.95584726135797 
69.8277282236 196.443546 193.32392764997616 188.486252024265 197.5884216 67.156000077069 
183.697202407188 43.9251664 125.00381926876 38.891463918797 184.73508 51.227386327459 
20.98158 161.8887 133.5201047339 169.5823334 83.504802 174.5704069436 
31.36322558348 15.35409698254 181.463 176.037 177.816905844875 168.54761460750058 
130.509445169 40.0032292996 162.356 76.07205788 82.050738 95.344 
40.97270001 1.001 113.6923375367 107.78519576554142 187.61355331423 102.83577 
138.8561935553 9.13417 198.422 166.121496 186.8425 145.88476245596 
146.838 173.3436 27.39690253992235 143.4714013896 150.07875012 119.44635 
186.073822 117.6688 99.919 164.6080966919 119.3437 112.471037081776 
137.6859 20.775237 150.838458 156.8301674048 116.232 161.65610375 
23.868404886895 194.808823 194.506571 149.7908284216 199.3068720823 53.90663 
42.04527695 90.2412997906 117.8629 91.808099996864 115.171808072472 87.0558978149 
161.114684625 10.52 32.4948844 66.95445720566 35.63397405329689 61.136616 
197.32684 195.9075 80.68586982 120.07 127.410989 121.419222 
34.33221 140.99727 155.94436407859092 42.23625181986539 144.021286839896 147.89016 
7.72887652554 115.899000961 31.1724 162.41280254924905 102.28199 133.39561697 
91.38218185306197 14.8678 48.56883555391 183.842256 122.289 45.7267 
19.617799555603 19.9190696 176.0781637751 128.36350939127 171.4835014421059 41.128931903997 
0.455154024946 97.803 125.346733525 180.7115528 193.7758219255 21.77341914 
198.91869649519128 141.85912 36.838151 158.4699003 154.4476816 90.32111 
111.958528322834 151.4956 66.56035358364 196.543134463 54.0943078 29.92854512 
188.87839 4.681437761 133.0193052973954 184.6974133601421 73.9376 181.754407687 
65.483722 42.324975728 196.9414070771 162.9087836 146.34220758077794 190.988765 
83.716988426 176.6744130245642 29.8382 169.6018 192.9067787113785 150.29899348011 
46.7634227308 161.65980100396163 116.0049 83.1077183509 151.515 167.662732 
74.3668417542341 36.498236 4.805144019 16.77253 13.2315262901047 41.196 
121.00263487512622 181.5882991405406 193.7708419125 122.0801002087418 74.826 89.359833965 
97.167017744 155.2780171 184.338337919885 181.8127977945 120.679969229825 127.049083527431 
34.682 7.7824 77.631396298519 190.439071 136.693078 115.1456229588915 
77.17606553974383 127.943098170444 1.71891850258 114.191762877 63.22674 187.05789769345 
170.6766351 142.09202446 55.1733483 28.0169 81.56160669697 121.770787474693 
15.879966383243 88.00604 23.4702222975825 81.0388275986 178.08966045054 177.8569647700467 
188.546 145.040896581421 65.5408 87.0904035923 185.33250702 22.09594393728134 
66.46419355 68.4725870752642 120.7203293468 20.5167115187295 7.35418920753126 148.89053796897554 
36.51344911627433 14.7330515841375 162.5313928 129.452246597106 91.72797523954 164.3489369856 
113.337 40.7448930496 120.7127187297 24.9667744 160.83937 161.050583872 
26.317824221 19.0108206832665 33.07756 71.3252112 150.509 43.637128348273 
86.89508214 165.3956174 91.44105 24.433 187.6734477 17.05066 
109.748868 135.735776949 113.13773655928 170.993 162.8933915772 178.697365548 
131.418854149 100.8286115232 183.9881281366124 169.670574791 157.9474952269427 107.980457 
109.81781468893 95.3705664993614 29.36208693224 25.1312049326 71.025405 190.457519 
194.506867 188.567 157.62202390535 173.68511 165.34282641 49.617 
92.60262257532 107.81922493082936 73.410468 35.957417 29.54394692377 67.259343383 
64.573914 9.865735 132.947742 9.234859 45.4271531787358 185.3586529 
19.1248 35.571736698 91.6004 86.439 196.8982913557 61.547963 
187.150920162 142.711728524379 156.140146 128.303039649 75.540149208 187.53576604245632 
34.66122 103.78293115177 36.14326 86.359 144.15194 120.68655 
0.78893162526352 185.5799 140.71462 165.97102964 89.528 161.29149866861948 
79.28239087308 111.604181 73.02301591935425 107.721342 89.367589888619 13.6168689702 
97.379 189.695747587114 108.421823735 40.3597 135.0515 138.2851579344316 
60.57601 83.48053660677537 181.18303 153.549332 40.46 104.0341806 
179.5734894 166.22096 192.1051 79.3789 1.8913506426136 99.657178 
6.5018784469229 51.1018 112.3467319 6.8981797997 67.118320711 84.7671 
138.2185877 14.348750157 191.30609382264103 147.372265 39.068803766 72.145675 
86.243 119.555889 49.42007512885087 110.625299869745 131.843 35.806 
181.028053 67.590549925 27.801818 81.0467642248 156.9810428911 56.5529 
87.34879 89.33897772252737 130.4482137284 57.6200412420603 177.813922181 142.580980042 
77.575621489183 187.468 169.45051 105.106 186.65496 49.168908832238 
10.9916 84.552702941 4.0382683806197 8.1201473 163.7088 143.60948931 
41.6806095242 0.7738 199.7532083 175.038346435204 194.541566 30.159056336869 
17.8312465732695 164.81697338 31.88661079 83.52015692934151 57.482 50.7311717681 
15.2956347594 96.4722133 197.1711931815518 192.8164323792 115.993677993 183.277367218936 
190.2501662008669 111.33943818344414 183.6438218 121.40307825 84.0779981 74.3201660099168 
147.444462157 166.375721 109.707433506 87.479148 18.742 169.6577 
40.8409532 89.5711966 45.415827009 140.30907173682 114.00178470251608 38.15031977 
165.3537392755 80.57336185487213 104.975964 116.632 40.6219 131.1269984 
149.66324244 72.368952696335 35.640666099202 36.65918 75.83436851 92.7279 
122.837086 123.180395 79.478 172.256 30.81452983 128.116 
23.42547562414228 3.5253 13.996175658 26.9473 22.72746797373648 28.005323 
39.7381036591 171.80333557 79.2576 5.74478851507 82.1118498985984 100.4561571820598 
88.64455771 149.982 150.2370748152098 20.2438688 106.7168 165.37040760485357 
ME
186.09560805 33.0991234 142.485261462169 106.3969271 150.164769 11.644 
193.535251 96.277379 139.778872 129.7709383016 57.718 121.67616621865002 
171.6217 144.94435737 169.1335011 105.697617583145 39.340488719886 172.83303 
113.5324578581 136.8539 198.866313956 32.9031965734 85.060148931 171.82149882 
16.752 135.83231440247 162.909 128.9556 155.5019 99.3829750684 
108.2040428952 170.8995142223423 185.442615 112.10508788261 17.9244805 145.7701427 
194.53549905907224 5.658795958672 197.334852539 3.27453200559136 189.690355837017 126.80513985777 
165.322 136.72001 80.05590879518736 182.4096004381227 41.985290652 125.5484569630398 
11.68501 129.66475780855063 111.252793444 196.3459633042 110.1233 144.49915044409 
108.5112 171.9104855597829 132.1760759 137.748093395752 31.401176511895 62.79710025673 
9.35604793214 192.2306929214159 126.6569177 44.6645666529818 173.0249728096778 111.2248 
181.18289615589055 105.760923402408 65.48166 62.077 173.0948999444917 162.684 
136.9105 142.3698456 57.786783 158.34043690434 151.799439230127 28.804731590265 
190.69512 40.77787977360281 96.203657492 133.89125229 28.9275718323 22.67909739949 
36.86119164876 185.503201 28.4072762283 20.297 108.515468 79.5476646463 
128.9169602304165 121.1778548 20.55127 85.7237412 16.74168734732708 43.6905263224 
97.571 191.69227 177.5658896 45.56355 109.942 130.2145883 
86.3766453425252 167.3633847143374 22.916408 146.1072 193.426392454162 92.53930736777 
103.50012 51.7209373 100.901419863343 125.7258 74.595636597 190.268177 
140.002141447 115.16339 82.80219054609 1.9115141 111.654 1.5951008214 
117.46386837 129.593432 106.7788774492 76.12616448 55.429043 61.1498009725 
53.47593709 112.207 25.022778408053 0.7612 198.065 4.1350399760095 
113.9395 64.6716920965 70.05561 56.204467 51.305270621394 143.7354336533684 
115.9307127 92.60704 149.2727670251062 135.94322071097 79.5493 188.32188043066313 
99.38572460644497 148.586383 173.991771 13.26710014679 72.39754435259 5.00155191286 
159.4473870851076 18.740173 173.224 159.4691 191.8895546 127.98034 
147.4349 94.8796416 66.5498 183.915190435485 13.093474644164 64.8853593517 
15.17075535 112.09638 179.247648518 116.20026047 42.366 68.963475382 
159.9082 189.65867822704593 34.465504064 104.87030519 42.421268315556 125.227240547155 
132.60403348 104.220993995 152.738848 158.8544143052 151.674052829334 77.029110529547 
3.8495433 178.117829 101.48554641356642 74.208 133.717 42.3073759307333 
54.4376444616 69.7834774 123.26131265437 142.183161 53.572369 156.13752041984 
79.2524214 189.83007034 54.8404851394851 169.8174450416137 84.3721 163.980697692 
168.05838758453 55.908844479 70.85624885500779 17.67189540231 99.30473 91.35692321028388 
107.308526 99.205718633 178.20187012 171.919121 184.85474713750557 17.5571 
18.1675 190.00777384138857 34.727061362 126.306 127.001121055 151.3211298 
146.131877 132.85114999275 23.1460867 129.9360824 173.63637804313 170.5438005 
107.932 174.414 46.139397287 86.3480156146 84.4350472791856 149.83405325567 
145.4507074706 107.6917 7.8856573318 142.896051605 105.021446 16.425 
44.0248590942 99.848117983841 112.40405 50.0761 40.0999 67.20067 
21.167 76.9714112803 180.32737001927 76.98951032 148.875378 68.504596013502 
137.94337424 107.63067136271793 128.8328 46.90927 46.2265578402341 144.33763938374 
4.524378 121.640580562907 132.978174705 18.034200082 0.68307 132.06575861839 
74.56124686 84.596479014 32.4808007744957 13.997941699 75.159705857653 117.141460746 
145.7769098524906 109.880021 110.25168557 74.168923108542 96.1509783616305 126.1088793237 
131.6770564870329 97.5753242 77.260423231251 141.2142430932 29.40409556862081 118.13504474 
139.234472871727 48.520531124 84.5267 122.78108493925777 18.37209522 104.667226834 
131.8375611813728 16.181766867567 72.96302 46.057 194.47790680677 160.0272660203 
133.1971185 86.6531982182611 88.207213 185.16589 18.94683971182 129.938483001 
38.99868472268 168.46268 180.182841 4.64882603 67.74 40.82112911455 
113.2646689840581 138.88299373 174.5866089 177.4003004389 161.74909176824866 111.400065827605 
9.616303 7.63916 93.36744633459016 197.482432761227 142.6902 90.971615 
141.9189 44.2099 129.404673 153.02729 119.728 189.98093841845 
151.96498 40.94377991490095 30.48088493541601 143.96973240735 166.4832 41.12603215611 
162.30479475 142.923463805 189.91444593398 25.4476456854238 178.5817 102.6014 
36.5358 13.1381802 172.7549699666 68.6637605 32.5017350428365 181.82569 
169.47896 30.868588832 11.729335355572 109.2049840833769 5.011040913 109.44287980947 
197.9423 37.55182247973932 95.94472950694 139.75419107287 65.51060612849002 49.22609 
163.157741461132 13.339405890925 21.274 106.8429965 174.65115 192.2781351558 
160.7125870134006 68.31999643254 153.773 90.1305044133 72.9096920999 75.8650260773 
0.6802065 106.77943 56.418363 29.931985 197.83269270365 98.206 
180.112234325122 173.1540882684 86.129667 21.45656563992 25.255484723275 172.23360987063484 
106.3044489 39.4648219243259 199.376503 181.507309 128.75611373 118.62472358245866 
152.4522170072 92.193985764812 174.405 139.578187277 18.32826196178 127.55614173 
196.150052 121.27495203 41.56573 124.62152767 186.0929 183.5369165 
167.921778913677 89.01036 136.0957616349 122.838083938 129.289362629 149.20336517968 
130.06635858 167.9042634 90.91908707191 171.72801 92.214869435 133.140686 
56.2984032767 3.17831969764777 37.6039 156.12476378426 92.13917 174.7086 
180.8836 80.1392032 126.3046911 4.55142047735848 47.979 31.333491012 
154.80697733249 66.287774357 152.1477104415625 2.12936017 73.97679 144.6543805147003 
168.48687 16.7341937654233 58.7185894 197.5202509393939 4.367225258 76.1466849 
47.5052278641454 191.19082 160.347248 184.959989173685 129.562736284732 64.1783568954 
171.189297603 151.4873464 27.9173162459181 77.1370538 160.573838206693 0.5270576 
21.3940134264 41.03114 177.23087734 36.43531993581 115.884246971389 91.9924397 
196.827012001 52.464 143.8239207717837 40.940639774 45.081766293 137.13273415 
84.6917658326 104.639540977 16.834414950759 23.94296786614 194.524167789885 22.529 
97.7052 36.5829374508 2.0259734353735 26.967 64.9497122284784 33.420046 
85.376307045 26.41812967 100.3163256 50.4417108071725 196.7383298155862 130.261 
93.0823005543 172.59665825854 9.4540917 193.97583919 54.3019523 83.810316261942 
108.03056306032 4.61875903 136.805 13.86775020419386 32.1351 141.7070721986 
1.60200600860967 101.01617015 56.4729244 51.57086 57.61962756977 76.70878 
121.285466 166.87727 164.7270312659593 176.36599419221278 16.98325121 148.3425424989451 
76.8299361 133.02 26.01119 57.13062318829 41.0953 52.8702282348863 
119.3553 32.8397261 180.7529807584508 115.88476482 62.34093337 98.773 
139.602928 46.2692841 193.0286041416 79.6030432 147.33375100523 179.640269 
20.8813964764717 25.236240652 36.4430376 181.1813 20.868144 141.5945487982 
60.302745494488 67.5336154834133 114.5349283 43.6094 101.5077274477 46.9894458 
196.2023 191.263719998736 108.8692 134.395 76.15269 114.57823361754 
100.561058 107.8347576036776 53.8129496239 45.500302 4.3624677431571 4.249 
197.6491 108.7265117926 99.17973355 134.798 159.95701599153207 86.7000854 
118.951037263 93.26592936 130.92726732 21.5128874861664 101.216732624 157.876240041913 
46.089593965304 91.38699321295 35.2845 190.40175631 128.81845 33.30069915 
140.984254868943 26.4497715 14.42636001620341 165.215 63.913516866051 6.0387855825 
30.25645677 42.14123890483 178.945622 175.79625921 110.429258 185.2482111 
78.1936 5.6503677 194.683303686692 110.079725 178.014588 101.523 
10.05777165466954 42.8556157 94.814137004 130.546 49.54632 132.1571494 
MM
37.96654232652885 87.7556055547331 158.05249383 119.40579 122.16015036 131.988482017399 
102.03418664 146.880059918803 162.3559869 97.377317577864 154.687953 99.0458785491 
160.5454231843267 67.844 48.23642538057 144.82093060095 42.7438063607 164.5904 
7.548787 189.579878 192.4090677 67.54448552086 71.343 145.3104799466 
73.133 107.059169 68.0111065979137 140.8909 152.503275220948 29.42088101 
100.9569008307 159.438 144.0549440561952 34.1787542 25.5622041549 0.69782323 
131.69291622837466 112.83513 113.71999495411 165.74700475 39.427102702 158.62795 
86.39042219 167.6858685232032 35.165 4.6081075370972 57.684535073742 187.09482206939 
102.6087006 114.93568962167 136.568891 106.444414 153.116293 38.277214 
75.2714374 46.3736208272 119.681743737 174.065 193.62367 38.996378721206 
138.51965314107 79.506920061 77.02228538 114.69 182.4483046186 142.08816 
19.6786205396 116.51552 176.72968 160.491890694092 63.0531488 132.161749675 
129.134 37.03617299967326 86.4644343248 91.6036059299 25.18 72.664711085 
10.9235104543 123.276 129.4420151704 192.5344281101255 125.178317934281 118.00394972 
31.2791 163.45897909 34.938253841 149.41331 193.3419 197.1865007398319 
133.7009530662 144.18871212638624 87.69145976535 18.07292 158.279 4.970534779788 
109.83735107729 42.8187530026 127.24471931760992 180.357 76.5255708281975 154.8411 
25.49946501804601 51.565685415 0.688225331 162.81364201 9.117332469281 8.2725618 
41.56947 75.87454807373 97.732304694862 103.214058153 79.489891635 163.904 
172.0858 94.202692 91.50389 44.5645967 103.500964508 127.33 
81.44 2.79773 10.35726174 136.17239806603044 145.6485 192.71494848 
178.97004086896 26.229022 193.18921886 7.8624 33.306632878 172.11125318344224 
174.628 67.605 180.2227241058 141.8228236701 188.596838092613 9.05373 
170.657938 163.309258329225 73.97440426693531 64.17583029399 113.127755069 133.9895595608143 
1.0593633 8.745153 144.76679 113.9504007545 65.83676734697971 14.8061 
84.13 127.1585 41.5692664119031 104.479072312 105.44462052 37.0075987791 
156.45269925898054 140.420098 61.03277796 89.999 31.72545 141.43565301847 
70.2621889028 17.29938853365807 92.95862019872 140.42621 39.982602411 119.43686 
66.6904209429 40.87605103781591 188.1135455856 29.91648141999539 90.51361302205 119.285396466993 
190.67809372 12.34259 6.5700344979668 194.425021327706 1.47433268919481 198.3402 
106.062 39.85489 19.4903066957 101.118635119 103.552233539 15.24335 
174.701 80.456762591 149.38219013305 41.502469 98.941 108.921884608 
198.300010056559 55.1397257 141.0377 193.243071067 116.4888600977883 103.89603 
19.07329457978 149.6424135972 40.12509444071002 122.31238002809945 179.819 10.0409242 
36.38630497 192.35890205780467 195.47511417 174.558302 41.0003 184.931108886 
142.3507481445682 27.492 90.477440172402 93.481391806998 66.12719593 32.2321 
195.0639744194971 103.1461485674705 131.3257267 112.0309133801 199.04420754059 54.114777 
166.27782411211 14.69300011 61.30520064 60.35557 145.06334556 56.206055 
12.7765 185.7855507556568 124.9783335958086 53.7942573 28.6880572 124.56796486732406 
96.237179991605 93.14864236661 162.70764 37.472539259938 74.4571613420934 170.86111473 
182.5179848 118.603687132 33.5883394 197.410653 143.81873422 121.715 
125.37820293 84.9922959 50.38726924734 9.409 30.049186 167.749 
176.728755 12.070254999146 175.4142844436 79.2866 119.6138073 55.9424616806 
84.637 165.7822914132 179.05544972407 80.46266 116.65663974 169.3042798 
153.48491567521 15.4845788309376 162.716998 112.70607666988 32.977 64.15233464156 
150.49522276753478 128.4568076412006 126.9173847 139.1953 63.73722323156588 191.053652 
80.268 184.78374363 134.23161985 98.754778 173.8799264 196.60728236 
140.32618 118.3088301271 25.8018 81.809939993565 188.188 62.9886 
60.367915406734 46.168441 106.44087 130.3765700657 12.28331708 32.3048626281 
86.5062 167.1330854196879 67.328750885 3.30559332 42.327 110.99891944097106 
129.42445306913 148.232 168.9690398740792 172.639966913 174.380705162 146.259644261 
48.54891846552128 98.32996 20.5903305063941 144.2252196005 101.83257337 18.673079404 
42.5114 18.497377 4.154844293 75.32324 162.1156 45.042763600009 
86.259586822977 170.4099092 54.536 4.1979126 27.681770193797 55.7512 
74.58520822 152.7984357779915 55.05034519237 100.8489971791 43.004996471 133.05320037 
93.43356412985 5.90397 41.7795 129.798485696698 139.48839 182.66309 
131.65069135 95.22863986 101.314674 47.549426 87.187663786 44.6355837887 
85.676918867457 159.879260567276 1.278844245196 26.721337867 167.785401 175.4225 
125.558886 50.95233595 61.10214772 58.55614931965 160.58677 142.43552464 
117.206 135.4173120606952 128.2267693 57.657873333 11.868333972 169.98702422 
176.079152 191.2947 107.3177 84.4839211 185.8377720532758 123.2405 
173.28003259 100.0340122783 149.27607 47.1596978361 196.55914678101 3.0852103613664 
162.7908091515797 18.8610238747 167.850453164 35.77056560371319 153.5958 17.15489 
88.422788318382 51.7958424327242 109.44953951153 139.0486317532761 145.42165541 172.8892 
139.514231863632 173.5483799903 164.4157 94.953557362 37.047214 143.39534311 
167.69554024177955 125.0995959 68.6506 36.891736 7.7854216501345 52.68527850758622 
169.1129 100.855429193544 58.61861222869587 174.76080193 132.3281345824929 46.3510225 
89.67247 5.582567341 100.532731854 112.4221 112.88356 47.5285478 
158.74695292 3.81672 147.349975 150.15881 85.6551839711833 147.4989513181362 
0.18760391723 2.680958691 22.0843955 150.822781017235 67.60463 169.7705 
168.3072744 158.6758 159.94677 25.115304 65.87297542149 46.89809257623818 
138.249 57.48655191653 20.419944 9.55352506662937 134.2933349 62.559283121 
123.312236 100.981618 7.8008944522106 160.782350014 62.48270216413295 171.8574919807954 
102.3141713080793 142.007044514 136.1012 127.83103122814494 153.83249 51.583 
7.889379473946 95.55899 73.232622441 72.526 197.5931668 79.66 
7.2359465806 41.043238773 71.184698259552 7.8812111886 13.78115970447 26.96973470855449 
103.21806 20.36358061022119 138.49418332005737 55.272436346449 82.67589 24.35514991 
181.99452 99.5825892 158.921 52.238342 63.16045482128 120.18904757159 
199.8031578557697 65.231 98.8552622057484 59.01752 13.447038 189.42280717440207 
71.795238362802 190.608297 22.58338763 191.32680689 74.916993451 77.2679 
133.9219 174.785 147.3051043272428 75.24571 159.0363589560501 17.7704292 
78.6021815575 78.04101945 77.70203613 43.4163938861 78.499160766 139.0320184998684 
1.05349050645 171.4618084 199.692 65.1805617926267 72.7543 142.932 
89.6193 24.1914 115.0152 187.20268972628 162.36041466 43.75175308347201 
55.04136058226 160.756 1.1714602313 120.00502925 109.27344408 87.15510250109043 
37.989 186.316319237 67.664934188 50.63208 157.5059557 128.666 
34.694611187 181.55 81.045 118.8729126 90.2344244382964 133.447012919 
89.9736 28.6209229485 113.6762517954 118.376282734007 190.3708113625325 121.4732648503 
15.867316395938 155.0190235 87.2806 3.1313305418 112.69439095566347 109.732703 
147.3846 20.2790176 8.117521313 195.9879253 167.79937950196 100.941500449414 
168.3273159 98.8333700146 179.7778 16.9487114 137.864 131.648946662 
26.13587942498175 15.21870743 71.65847959778462 153.6172255425 79.0718635 166.8534513515 
129.56751323651 73.5542979055758 125.41477357662257 48.61954125430845 145.972906648424 84.15320572 
75.4783964931412 63.60593977920242 31.58047683226579 139.16775641624 108.9635985055818 64.4931328 
155.2416923931 186.15355 120.822668578 78.0183910106 141.0228722 58.18242359576627 
184.974 37.474937199 152.23219739 45.045658625 59.8144 123.0254 
